﻿province,date_active,cumulative_cases,cumulative_recovered,cumulative_deaths,active_cases,active_cases_change,avaccine,cumulative_avaccine
Canada,25-01-2020,1,0,0,1,1,0,0
Canada,26-01-2020,1,0,0,1,0,0,0
Canada,27-01-2020,2,0,0,2,1,0,0
Canada,28-01-2020,3,0,0,3,1,0,0
Canada,29-01-2020,3,0,0,3,0,0,0
Canada,30-01-2020,3,0,0,3,0,0,0
Canada,31-01-2020,4,0,0,4,1,0,0
Canada,01-02-2020,4,0,0,4,0,0,0
Canada,02-02-2020,4,0,0,4,0,0,0
Canada,03-02-2020,4,0,0,4,0,0,0
Canada,04-02-2020,5,0,0,5,1,0,0
Canada,05-02-2020,5,0,0,5,0,0,0
Canada,06-02-2020,7,0,0,7,2,0,0
Canada,07-02-2020,7,0,0,7,0,0,0
Canada,08-02-2020,7,0,0,7,0,0,0
Canada,09-02-2020,7,0,0,7,0,0,0
Canada,10-02-2020,7,0,0,7,0,0,0
Canada,11-02-2020,7,0,0,7,0,0,0
Canada,12-02-2020,7,1,0,6,-1,0,0
Canada,13-02-2020,7,1,0,6,0,0,0
Canada,14-02-2020,8,1,0,7,1,0,0
Canada,15-02-2020,8,1,0,7,0,0,0
Canada,16-02-2020,8,1,0,7,0,0,0
Canada,17-02-2020,8,1,0,7,0,0,0
Canada,18-02-2020,8,1,0,7,0,0,0
Canada,19-02-2020,8,2,0,6,-1,0,0
Canada,20-02-2020,9,3,0,6,0,0,0
Canada,21-02-2020,9,4,0,5,-1,0,0
Canada,22-02-2020,9,4,0,5,0,0,0
Canada,23-02-2020,10,4,0,6,1,0,0
Canada,24-02-2020,11,4,0,7,1,0,0
Canada,25-02-2020,11,7,0,4,-3,0,0
Canada,26-02-2020,12,7,0,5,1,0,0
Canada,27-02-2020,14,7,0,7,2,0,0
Canada,28-02-2020,16,7,0,9,2,0,0
Canada,29-02-2020,20,7,0,13,4,0,0
Canada,01-03-2020,24,7,0,17,4,0,0
Canada,02-03-2020,24,7,0,17,0,0,0
Canada,03-03-2020,33,7,0,26,9,0,0
Canada,04-03-2020,34,7,0,27,1,0,0
Canada,05-03-2020,46,8,0,38,11,0,0
Canada,06-03-2020,54,8,0,46,8,0,0
Canada,07-03-2020,60,8,0,52,6,0,0
Canada,08-03-2020,67,8,1,58,6,0,0
Canada,09-03-2020,86,9,1,76,18,0,0
Canada,10-03-2020,95,9,1,85,9,0,0
Canada,11-03-2020,116,9,2,105,20,0,0
Canada,12-03-2020,156,9,2,145,40,0,0
Canada,13-03-2020,198,10,2,186,41,0,0
Canada,14-03-2020,257,10,2,245,59,0,0
Canada,15-03-2020,341,10,2,329,84,0,0
Canada,16-03-2020,441,10,5,426,97,0,0
Canada,17-03-2020,597,10,8,579,153,0,0
Canada,18-03-2020,727,11,9,707,128,0,0
Canada,19-03-2020,873,13,12,848,141,0,0
Canada,20-03-2020,1087,15,13,1059,211,0,0
Canada,21-03-2020,1331,16,18,1297,238,0,0
Canada,22-03-2020,1471,18,21,1432,135,0,0
Canada,23-03-2020,2091,112,24,1955,523,0,0
Canada,24-03-2020,2819,186,27,2606,651,0,0
Canada,25-03-2020,3408,198,35,3175,569,0,0
Canada,26-03-2020,4042,229,39,3774,599,0,0
Canada,27-03-2020,4756,356,55,4345,571,0,0
Canada,28-03-2020,5654,505,61,5088,743,0,0
Canada,29-03-2020,6319,589,66,5664,576,0,0
Canada,30-03-2020,7446,1122,90,6234,570,0,0
Canada,31-03-2020,8589,1306,126,7157,923,0,0
Canada,01-04-2020,10130,1676,113,8341,1184,0,0
Canada,02-04-2020,11733,1981,152,9600,1259,0,0
Canada,03-04-2020,12936,2335,206,10395,795,0,0
Canada,04-04-2020,14340,2748,251,11341,946,0,0
Canada,05-04-2020,15913,3113,291,12509,1168,0,0
Canada,06-04-2020,17105,3629,341,13135,626,0,0
Canada,07-04-2020,18481,4063,400,14018,883,0,0
Canada,08-04-2020,19803,4666,459,14678,660,0,0
Canada,09-04-2020,21340,5324,524,15492,814,0,0
Canada,10-04-2020,22672,6026,603,16043,551,0,0
Canada,11-04-2020,23883,6663,673,16547,504,0,0
Canada,12-04-2020,24995,7185,727,17083,536,0,0
Canada,13-04-2020,26368,7771,802,17795,712,0,0
Canada,14-04-2020,27801,8248,941,18612,817,0,0
Canada,15-04-2020,29193,8992,1050,19151,539,0,0
Canada,16-04-2020,30917,9725,1230,19962,811,0,0
Canada,17-04-2020,32806,10556,1344,20906,944,0,0
Canada,18-04-2020,34328,11220,1503,21605,699,0,0
Canada,19-04-2020,35965,11856,1622,22487,882,0,0
Canada,20-04-2020,37783,12599,1733,23451,964,0,0
Canada,21-04-2020,39331,13201,1886,24244,793,0,0
Canada,22-04-2020,41288,13999,2050,25239,995,0,0
Canada,23-04-2020,43172,14774,2213,26185,946,0,0
Canada,24-04-2020,44795,15554,2367,26874,689,0,0
Canada,25-04-2020,46201,16438,2532,27231,357,0,0
Canada,26-04-2020,47784,17334,2641,27809,578,0,0
Canada,27-04-2020,49395,18281,2799,28315,506,0,0
Canada,28-04-2020,50891,19244,2933,28714,399,0,0
Canada,29-04-2020,52599,20340,3111,29148,434,0,0
Canada,30-04-2020,54179,21437,3257,29485,337,0,0
Canada,01-05-2020,56116,22764,3487,29865,380,0,0
Canada,02-05-2020,57719,23814,3631,30274,409,0,0
Canada,03-05-2020,60277,24921,3750,31606,1332,0,0
Canada,04-05-2020,61758,26030,3957,31771,165,0,0
Canada,05-05-2020,63043,27006,4147,31890,119,0,0
Canada,06-05-2020,64509,28184,4329,31996,106,0,0
Canada,07-05-2020,66028,29260,4503,32265,269,0,0
Canada,08-05-2020,67480,30239,4656,32585,320,0,0
Canada,09-05-2020,68734,31262,4784,32688,103,0,0
Canada,10-05-2020,69912,32109,4950,32853,165,0,0
Canada,11-05-2020,71095,33007,5080,33008,155,0,0
Canada,12-05-2020,72250,34055,5262,32933,-75,0,0
Canada,13-05-2020,73392,35177,5393,32822,-111,0,0
Canada,14-05-2020,74612,36104,5559,32949,127,0,0
Canada,15-05-2020,75792,36908,5649,33235,286,0,0
Canada,16-05-2020,77022,37832,5767,33423,188,0,0
Canada,17-05-2020,78142,38563,5864,33715,292,0,0
Canada,18-05-2020,79228,39251,5927,34050,335,0,0
Canada,19-05-2020,80353,40063,5997,34293,243,0,0
Canada,20-05-2020,81442,40789,6121,34532,239,0,0
Canada,21-05-2020,82600,41728,6237,34635,103,0,0
Canada,22-05-2020,83820,42607,6329,34884,249,0,0
Canada,23-05-2020,85017,43318,6432,35267,383,0,0
Canada,24-05-2020,85980,43998,6501,35481,214,0,0
Canada,25-05-2020,86996,44651,6622,35723,242,0,0
Canada,26-05-2020,87968,45352,6720,35896,173,0,0
Canada,27-05-2020,88873,46177,6842,35854,-42,0,0
Canada,28-05-2020,89857,46853,6950,36054,200,0,0
Canada,29-05-2020,90795,47533,7033,36229,175,0,0
Canada,30-05-2020,91569,48116,7129,36324,95,0,0
Canada,31-05-2020,92374,48892,7344,36138,-186,0,0
Canada,01-06-2020,93113,49739,7374,36000,-138,0,0
Canada,02-06-2020,93839,50357,7444,36038,38,0,0
Canada,03-06-2020,94546,51048,7547,35951,-87,0,0
Canada,04-06-2020,95161,51738,7686,35737,-214,0,0
Canada,05-06-2020,95828,52565,7746,35517,-220,0,0
Canada,06-06-2020,96376,53609,7818,34949,-568,0,0
Canada,07-06-2020,97072,54228,7846,34998,49,0,0
Canada,08-06-2020,97697,54828,7879,34990,-8,0,0
Canada,09-06-2020,98149,55567,7937,34645,-345,0,0
Canada,10-06-2020,98632,56639,7999,33994,-651,0,0
Canada,11-06-2020,99070,57658,8041,33371,-623,0,0
Canada,12-06-2020,99505,58523,8096,32886,-485,0,0
Canada,13-06-2020,99955,59353,8152,32450,-436,0,0
Canada,14-06-2020,100309,60272,8188,31849,-601,0,0
Canada,15-06-2020,100690,61042,8215,31433,-416,0,0
Canada,16-06-2020,101030,61443,8256,31331,-102,0,0
Canada,17-06-2020,101413,62017,8293,31103,-228,0,0
Canada,18-06-2020,101791,62496,8341,30954,-149,0,0
Canada,19-06-2020,102227,63003,8385,30839,-115,0,0
Canada,20-06-2020,102590,63488,8448,30654,-185,0,0
Canada,21-06-2020,102889,63886,8461,30542,-112,0,0
Canada,22-06-2020,103255,64334,8473,30448,-94,0,0
Canada,23-06-2020,103614,64704,8491,30419,-29,0,0
Canada,24-06-2020,103927,65091,8523,30313,-106,0,0
Canada,25-06-2020,104307,65425,8545,30337,24,0,0
Canada,26-06-2020,104480,65726,8549,30205,-132,0,0
Canada,27-06-2020,104726,65973,8558,30195,-10,0,0
Canada,28-06-2020,105020,66191,8563,30266,71,0,0
Canada,29-06-2020,105660,67178,8610,29872,-394,0,0
Canada,30-06-2020,105943,67592,8632,29719,-153,0,0
Canada,01-07-2020,106137,67744,8661,29732,13,0,0
Canada,02-07-2020,106488,68347,8683,29458,-274,0,0
Canada,03-07-2020,106816,68693,8705,29418,-40,0,0
Canada,04-07-2020,107034,68990,8713,29331,-87,0,0
Canada,05-07-2020,107241,69239,8722,29280,-51,0,0
Canada,06-07-2020,107667,69570,8731,29366,86,0,0
Canada,07-07-2020,107873,69883,8748,29242,-124,0,0
Canada,08-07-2020,108185,70247,8770,29168,-74,0,0
Canada,09-07-2020,108509,70574,8779,29156,-12,0,0
Canada,10-07-2020,108826,70901,8794,29131,-25,0,0
Canada,11-07-2020,109008,71266,8802,28940,-191,0,0
Canada,12-07-2020,109220,71467,8810,28943,3,0,0
Canada,13-07-2020,109888,71841,8820,29227,284,0,0
Canada,14-07-2020,110189,72170,8829,29190,-37,0,0
Canada,15-07-2020,110530,72485,8841,29204,14,0,0
Canada,16-07-2020,110971,72836,8859,29276,72,0,0
Canada,17-07-2020,111412,96689,8867,5856,-23420,0,0
Canada,18-07-2020,111784,96909,8875,6000,144,0,0
Canada,19-07-2020,112107,97051,8879,6177,177,0,0
Canada,20-07-2020,112897,97474,8884,6539,362,0,0
Canada,21-07-2020,113462,97757,8889,6816,277,0,0
Canada,22-07-2020,113981,98142,8896,6943,127,0,0
Canada,23-07-2020,114433,98519,8900,7014,71,0,0
Canada,24-07-2020,114990,98873,8907,7210,196,0,0
Canada,25-07-2020,115334,99115,8912,7307,97,0,0
Canada,26-07-2020,115656,99355,8917,7384,77,0,0
Canada,27-07-2020,116371,99860,8928,7583,199,0,0
Canada,28-07-2020,116777,100134,8941,7702,119,0,0
Canada,29-07-2020,117274,100465,8947,7862,160,0,0
Canada,30-07-2020,117615,100862,8959,7794,-68,0,0
Canada,31-07-2020,118111,101227,8964,7920,126,0,0
Canada,01-08-2020,118374,101436,8970,7968,48,0,0
Canada,02-08-2020,118616,101574,8974,8068,100,0,0
Canada,03-08-2020,118858,101597,8979,8282,214,0,0
Canada,04-08-2020,119550,102450,8989,8111,-171,0,0
Canada,05-08-2020,119935,102788,8993,8154,43,0,0
Canada,06-08-2020,120305,103106,8997,8202,48,0,0
Canada,07-08-2020,120723,103435,9001,8287,85,0,0
Canada,08-08-2020,120981,103566,9008,8407,120,0,0
Canada,09-08-2020,121199,103728,9012,8459,52,0,0
Canada,10-08-2020,121873,106355,9018,6500,-1959,0,0
Canada,11-08-2020,122224,106746,9023,6455,-45,0,0
Canada,12-08-2020,122628,107148,9037,6443,-12,0,0
Canada,13-08-2020,123016,107552,9047,6417,-26,0,0
Canada,14-08-2020,123423,107942,9052,6429,12,0,0
Canada,15-08-2020,123654,108217,9055,6382,-47,0,0
Canada,16-08-2020,123829,108484,9057,6288,-94,0,0
Canada,17-08-2020,124555,109059,9063,6433,145,0,0
Canada,18-08-2020,124901,109353,9073,6475,42,0,0
Canada,19-08-2020,125239,109818,9078,6343,-132,0,0
Canada,20-08-2020,125636,110284,9083,6269,-74,0,0
Canada,21-08-2020,126149,110644,9094,6411,142,0,0
Canada,22-08-2020,126385,110874,9100,6411,0,0,0
Canada,23-08-2020,126647,111108,9103,6436,25,0,0
Canada,24-08-2020,127428,111690,9112,6626,190,0,0
Canada,25-08-2020,127739,112050,9120,6569,-57,0,0
Canada,26-08-2020,128214,112455,9122,6637,68,0,0
Canada,27-08-2020,128669,112825,9129,6715,78,0,0
Canada,28-08-2020,129169,113234,9138,6797,82,0,0
Canada,29-08-2020,129461,113501,9143,6817,20,0,0
Canada,30-08-2020,129716,113664,9146,6906,89,0,0
Canada,31-08-2020,130752,114158,9155,7439,533,0,0
Canada,01-09-2020,131251,114607,9161,7483,44,0,0
Canada,02-09-2020,131758,115050,9165,7543,60,0,0
Canada,03-09-2020,132351,115444,9170,7737,194,0,0
Canada,04-09-2020,132955,115926,9172,7857,120,0,0
Canada,05-09-2020,133327,116136,9174,8017,160,0,0
Canada,06-09-2020,133702,116357,9175,8170,153,0,0
Canada,07-09-2020,134141,116459,9177,8505,335,0,0
Canada,08-09-2020,135585,117565,9184,8836,331,0,0
Canada,09-09-2020,136151,118257,9187,8707,-129,0,0
Canada,10-09-2020,136786,118990,9194,8602,-105,0,0
Canada,11-09-2020,137514,119674,9197,8643,41,0,0
Canada,12-09-2020,137994,120075,9203,8716,73,0,0
Canada,13-09-2020,138542,120431,9205,8906,190,0,0
Canada,14-09-2020,139923,121224,9213,9486,580,0,0
Canada,15-09-2020,140715,121840,9222,9653,167,0,0
Canada,16-09-2020,141682,122449,9227,10006,353,0,0
Canada,17-09-2020,142842,123073,9231,10538,532,0,0
Canada,18-09-2020,143888,123723,9237,10928,390,0,0
Canada,19-09-2020,144750,124187,9243,11320,392,0,0
Canada,20-09-2020,145597,124691,9248,11658,338,0,0
Canada,21-09-2020,147410,125714,9260,12436,778,0,0
Canada,22-09-2020,148675,126904,9267,12504,68,0,0
Canada,23-09-2020,149764,127788,9276,12700,196,0,0
Canada,24-09-2020,151082,128707,9282,13093,393,0,0
Canada,25-09-2020,152523,129573,9287,13663,570,0,0
Canada,26-09-2020,153779,130328,9295,14156,493,0,0
Canada,27-09-2020,155201,131098,9300,14803,647,0,0
Canada,28-09-2020,157433,132607,9310,15516,713,0,0
Canada,29-09-2020,159072,133737,9323,16012,496,0,0
Canada,30-09-2020,160916,134971,9329,16616,604,0,0
Canada,01-10-2020,162715,136350,9351,17014,398,0,0
Canada,02-10-2020,164856,137614,9449,17793,779,0,0
Canada,03-10-2020,166651,138867,9501,18283,490,0,0
Canada,04-10-2020,168279,140242,9515,18522,239,0,0
Canada,05-10-2020,171154,142333,9539,19282,760,0,0
Canada,06-10-2020,173546,143994,9566,19986,704,0,0
Canada,07-10-2020,175389,145666,9577,20146,160,0,0
Canada,08-10-2020,177851,147508,9591,20752,606,0,0
Canada,09-10-2020,180391,149424,9620,21347,595,0,0
Canada,10-10-2020,182496,151357,9643,21496,149,0,0
Canada,11-10-2020,184143,153219,9649,21275,-221,0,0
Canada,12-10-2020,185871,154258,9664,21949,674,0,0
Canada,13-10-2020,189264,157486,9688,22090,141,0,0
Canada,14-10-2020,191777,159351,9699,22727,637,0,0
Canada,15-10-2020,194046,161490,9739,22817,90,0,0
Canada,16-10-2020,196644,163644,9761,23239,422,0,0
Canada,17-10-2020,198665,165446,9781,23438,199,0,0
Canada,18-10-2020,200491,167112,9795,23584,146,0,0
Canada,19-10-2020,203716,169671,9813,24232,648,0,0
Canada,20-10-2020,206040,171743,9831,24466,234,0,0
Canada,21-10-2020,208755,173748,9866,25141,675,0,0
Canada,22-10-2020,211567,175805,9899,25863,722,0,0
Canada,23-10-2020,214192,177879,9923,26390,527,0,0
Canada,24-10-2020,216453,179636,9954,26863,473,0,0
Canada,25-10-2020,218542,181429,9978,27135,272,0,0
Canada,26-10-2020,222662,184306,10005,28351,1216,0,0
Canada,27-10-2020,225384,186464,10033,28887,536,0,0
Canada,28-10-2020,228044,188867,10067,29110,223,0,0
Canada,29-10-2020,231035,191208,10109,29718,608,0,0
Canada,30-10-2020,234615,193937,10147,30531,813,0,0
Canada,31-10-2020,236982,195876,10172,30934,403,0,0
Canada,01-11-2020,239286,197729,10211,31346,412,0,0
Canada,02-11-2020,242791,200052,10244,32495,1149,0,0
Canada,03-11-2020,247546,203509,10317,33720,1225,0,0
Canada,04-11-2020,250869,206037,10373,34459,739,0,0
Canada,05-11-2020,254027,207998,10420,35609,1150,0,0
Canada,06-11-2020,258520,211237,10476,36807,1198,0,0
Canada,07-11-2020,261939,213094,10531,38314,1507,0,0
Canada,08-11-2020,265131,215005,10558,39568,1254,0,0
Canada,09-11-2020,271616,218400,10605,42611,3043,0,0
Canada,10-11-2020,276095,221279,10672,44144,1533,0,0
Canada,11-11-2020,279362,223199,10731,45432,1288,0,0
Canada,12-11-2020,285561,226775,10811,47975,2543,0,0
Canada,13-11-2020,290323,230646,10868,48809,834,0,0
Canada,14-11-2020,293729,232915,10929,49885,1076,0,0
Canada,15-11-2020,296967,235401,10981,50585,700,0,0
Canada,16-11-2020,305053,240287,11055,53711,3126,0,0
Canada,17-11-2020,309539,244152,11117,54270,559,0,0
Canada,18-11-2020,314068,248321,11217,54530,260,0,0
Canada,19-11-2020,318835,252294,11293,55248,718,0,0
Canada,20-11-2020,323850,256646,11365,55839,591,0,0
Canada,21-11-2020,328778,260398,11435,56945,1106,0,0
Canada,22-11-2020,333493,264049,11484,57960,1015,0,0
Canada,23-11-2020,340384,269199,11547,59638,1678,0,0
Canada,24-11-2020,345630,273391,11651,60588,950,0,0
Canada,25-11-2020,350718,277232,11737,61749,1161,0,0
Canada,26-11-2020,356359,280929,11825,63605,1856,0,0
Canada,27-11-2020,362373,286500,11929,63944,339,0,0
Canada,28-11-2020,368036,290688,12005,65343,1399,0,0
Canada,29-11-2020,373365,294389,12057,66919,1576,0,0
Canada,30-11-2020,381301,299972,12157,69172,2253,0,0
Canada,01-12-2020,386936,304888,12247,69801,629,0,0
Canada,02-12-2020,393338,309886,12360,71092,1291,0,0
Canada,03-12-2020,399565,314618,12444,72503,1411,0,0
Canada,04-12-2020,405964,320098,12538,73328,825,0,0
Canada,05-12-2020,412239,324882,12626,74731,1403,0,0
Canada,06-12-2020,418503,329138,12706,76659,1928,0,0
Canada,07-12-2020,426424,338741,12818,74865,-1794,0,0
Canada,08-12-2020,432558,344199,12909,75450,585,0,0
Canada,09-12-2020,438951,350010,13029,75912,462,0,0
Canada,10-12-2020,445604,355735,13157,76712,800,0,0
Canada,11-12-2020,452354,362300,13284,76770,58,0,0
Canada,12-12-2020,458251,368474,13387,76390,-380,0,0
Canada,13-12-2020,464153,373253,13468,77432,1042,0,0
Canada,14-12-2020,472650,379467,13589,79594,2162,297,297
Canada,15-12-2020,478822,385975,13700,79147,-447,866,1163
Canada,16-12-2020,485337,391946,13834,79557,410,2229,3392
Canada,17-12-2020,492395,398412,13953,80030,473,3821,7213
Canada,18-12-2020,499093,405611,14070,79412,-618,3422,10635
Canada,19-12-2020,505449,411385,14192,79872,460,1584,12219
Canada,20-12-2020,511343,416697,14261,80385,513,2600,14819
Canada,21-12-2020,519125,423610,14372,81143,758,6077,20896
Canada,22-12-2020,525344,431561,14474,79309,-1834,5427,26323
Canada,23-12-2020,532303,438452,14652,79199,-110,8810,35133
Canada,24-12-2020,537983,444064,14770,79149,-50,10312,45445
Canada,25-12-2020,538632,444066,14780,79786,637,303,45748
Canada,26-12-2020,540436,448223,14791,77422,-2364,3020,48768
Canada,27-12-2020,550123,451231,14948,83944,6522,3563,52331
Canada,28-12-2020,560689,468124,15218,77347,-6597,7174,59505
Canada,29-12-2020,569498,477857,15429,76212,-1135,11003,70508
Canada,30-12-2020,577125,484583,15548,76994,782,8783,79291
Canada,31-12-2020,584220,489813,15666,78741,1747,16326,95617